salida: 10.95124, -85.70945
punto1: 10.94081, -85.77404
punto2: 10.91958, -85.79932
punto3: 10.91338, -85.80195
punto4: 10.92506, -85.81621
punto7: 10.91753, -85.78693
punto8: 10.93645, -85.81037
punto9: 10.9502, -85.875
punto10: 10.95016, -85.88396
punto11: 10.94015, -85.87438
punto12: 10.93171, -85.87749
punto13: 10.89343, -85.94944
punto14: 10.89428, -85.92604
punto15: 10.884, -85.8998
punto16: 10.88, -85.8791
punto17: 10.85402, -85.85996
punto19: 10.85262, -85.91207
punto21: 10.85607, -85.9103
punto22: 10.85919, -85.93745